time [s]	real [a.u.]	imag [a.u.]
0.0021801	-342787	-31100
0.00418	-347795	46134
0.0061799	-320590	-32000
0.0081798	-317789	48375
0.01018	-297473	-34322
0.01218	-292064	47279
0.014179	-276230	-32538
0.016179	-268322	42977
0.018179	-256401	-28865
0.020179	-246789	38038
0.022179	-237351	-24449
0.024179	-226995	32115
0.026179	-219842	-19634
0.028179	-208961	26652
0.030178	-203377	-15034
0.032178	-192565	21254
0.034178	-188257	-10950
0.036178	-177675	16892
0.038178	-174316	-7442
0.040178	-163855	12685
0.042178	-161379	-3778
0.044178	-151337	8410
0.046177	-149231	-314
0.048177	-140013	4870
0.050177	-138026	2218
0.052177	-129522	2027
0.054177	-127379	4344
0.056177	-119747	-208
0.058177	-117734	6002
0.060177	-110844	-2051
0.062176	-108592	6984
0.064176	-102620	-3106
0.066176	-100059	7564
0.068176	-94932	-3749
0.070176	-92204	7994
0.072176	-87927	-4200
0.074176	-84981	7771
0.076176	-81473	-4163
0.078175	-78385	7208
0.080175	-74069	-4977
0.082175	-70765	6884
0.084175	-68260	-3717
0.086175	-65245	6114
0.088175	-63278	-3029
0.090175	-60146	5303
0.092175	-58561	-2288
0.094174	-55516	4319
0.096174	-54194	-1493
0.098174	-51328	3460
0.10017	-50140	-849
0.10217	-47476	2629
0.10417	-46476	-297
0.10617	-43808	1894
0.10817	-43025	263
0.11017	-40606	1211
0.11217	-39668	613
0.11417	-37534	659
0.11617	-36679	1066
0.11817	-34698	239
0.12017	-33851	1342
0.12217	-32180	-139
0.12417	-31368	1480
0.12617	-29761	-209
0.12817	-28908	1539
0.13017	-27619	-337
0.13217	-26716	1428
0.13417	-25585	-304
0.13617	-24227	1105
0.13817	-23228	-75
0.14017	-22221	904
0.14217	-21498	-46
0.14417	-20568	903
0.14617	-19881	89
0.14817	-19054	631
0.15017	-18589	192
0.15217	-17816	452
0.15417	-17276	320
0.15617	-16462	263
0.15817	-15888	419
0.16017	-15200	188
0.16217	-14712	471
0.16417	-14099	61
0.16617	-13645	450
0.16817	-13038	120
0.17017	-12551	364
0.17217	-12070	55
0.17417	-11631	414
0.17617	-11227	32
0.17817	-10795	355
0.18017	-10364	34
0.18217	-10026	344
0.18417	-9586	97
0.18617	-9204	232
0.18817	-8949	38
0.19017	-8487	249
0.19217	-8299	45
0.19417	-7948	206
0.19617	-7637	77
0.19817	-7288	82
0.20017	-6995	135
0.20217	-6723	75
0.20417	-6504	116
0.20617	-6212	60
0.20817	-6044	18
0.21017	-5777	160
0.21217	-5603	110
0.21417	-5316	8
0.21617	-5185	82
0.21817	-5000	38
0.22017	-4770	38
0.22217	-4588	151
0.22417	-4478	52
0.22617	-4179	56
0.22817	-4111	40
0.23017	-3890	2
0.23217	-3810	99
0.23417	-3516	-3
0.23617	-3479	19
0.23817	-3277	26
0.24017	-3212	95
0.24217	-3086	9
0.24417	-3055	76
0.24616	-2848	0
0.24816	-2781	96
0.25016	-2631	1
0.25216	-2539	128
0.25416	-2478	-57
0.25616	-2378	201
0.25816	-2320	-8
0.26016	-2229	120
0.26216	-2176	-33
0.26416	-2051	58
0.26616	-1955	-58
0.26816	-1853	130
0.27016	-2224	307
0.27216	-2223	-263
0.27416	-1977	269
0.27616	-2048	-235
0.27816	-1853	224
0.28016	-1858	-159
0.28216	-1777	159
0.28416	-1751	-122
0.28616	-1635	115
0.28816	-1602	-111
0.29016	-1417	83
0.29216	-1460	10
0.29416	-1376	70
0.29616	-1329	12
0.29816	-1169	94
0.30016	-1226	-9
0.30216	-1081	39
0.30416	-1118	3
0.30616	-1034	32
0.30816	-1078	36
0.31016	-917	-4
0.31216	-977	86
0.31416	-885	35
0.31616	-916	54
0.31816	-857	-5
0.32016	-875	41
0.32216	-746	-112
0.32416	-699	50
0.32616	-658	-89
0.32816	-750	97
0.33016	-602	-54
0.33216	-678	65
0.33416	-518	-108
0.33616	-678	52
0.33816	-531	-169
0.34016	-545	198
0.34216	-498	-123
0.34416	-553	112
0.34616	-437	-171
0.34816	-430	130
0.35016	-384	-167
0.35216	-458	108
0.35416	-422	-98
0.35616	-385	82
0.35816	-360	-137
0.36016	-365	134
0.36216	-305	-85
0.36416	-351	134
0.36616	-313	-72
0.36816	-384	81
0.37016	-323	-129
0.37216	-295	122
0.37416	-222	-50
0.37616	-261	3
0.37816	-307	-63
0.38016	-163	-7
0.38216	-305	-42
0.38416	-280	8
0.38616	-216	-1
0.38816	-202	3
0.39016	-241	-45
0.39216	-155	44
0.39416	-234	5
0.39616	-157	-40
0.39816	-213	3
0.40016	-170	11
