time [s]	real [a.u.]	imag [a.u.]
0.00093015	-357443	-44748
0.00168	-346636	42587
0.0024299	-331539	-38669
0.0031798	-313746	30550
0.0039296	-303422	-21386
0.0046795	-287902	15349
0.0054294	-276515	-11543
0.0061793	-262484	6867
0.0069291	-254204	-1997
0.007679	-238519	-4240
0.0084289	-231969	9132
0.0091788	-218476	-13865
0.0099286	-210277	13716
0.010679	-201005	-13186
0.011428	-190920	7597
0.012178	-182500	-10157
0.012928	-173421	6782
0.013678	-166264	-3618
0.014428	-158265	528
0.015178	-152427	451
0.015928	-144378	-3457
0.016678	-139265	3841
0.017427	-132290	-5612
0.018177	-126993	4648
0.018927	-121501	-4748
0.019677	-115743	2659
0.020427	-111201	-2514
0.021177	-105804	434
0.021927	-101556	-381
0.022677	-96669	-1395
0.023426	-92986	1478
0.024176	-88260	-2960
0.024926	-84758	2596
0.025676	-80383	-3760
0.026426	-77024	2777
0.027176	-73740	-2711
0.027926	-70114	1189
0.028676	-67435	-917
0.029425	-64144	-180
0.030175	-61601	119
0.030925	-58666	-1017
0.031675	-56390	843
0.032425	-53692	-1564
0.033175	-51567	1292
0.033925	-49248	-1688
0.034675	-46973	778
0.035424	-45131	-960
0.036174	-42949	22
0.036924	-41293	-231
0.037674	-39373	-607
0.038424	-37769	258
0.039174	-36013	-975
0.039924	-34641	449
0.040674	-33009	-995
0.041423	-31555	563
0.042173	-30241	-833
0.042923	-28888	214
0.043673	-27733	-459
0.044423	-26324	-106
0.045173	-25363	-99
0.045923	-24168	-430
0.046673	-23168	109
0.047422	-22108	-535
0.048172	-21218	239
0.048922	-20177	-551
0.049672	-19338	181
0.050422	-18527	-545
0.051172	-17636	-9
0.051922	-16938	-242
0.052672	-16199	-249
0.053421	-15474	-15
0.054171	-14864	-420
0.054921	-14160	31
0.055671	-13488	-380
0.056421	-12965	62
0.057171	-12400	-293
0.057921	-11836	6
0.058671	-11295	-121
0.05942	-10861	-150
0.06017	-10428	-92
0.06092	-9937	-335
0.06167	-9483	102
0.06242	-9016	-328
0.06317	-8642	121
0.06392	-8204	-237
0.06467	-7885	57
0.065419	-7594	-228
0.066169	-7247	74
0.066919	-6947	-142
0.067669	-6583	-114
0.068419	-6342	-37
0.069169	-5987	-185
0.069919	-5760	152
0.070669	-5493	-213
0.071418	-5380	72
0.072168	-5054	-177
0.072918	-4806	-3
0.073668	-4642	-61
0.074418	-4485	-59
0.075168	-4240	39
0.075918	-4037	-85
0.076668	-3858	84
0.077417	-3635	-208
0.078167	-3562	29
0.078917	-3344	-153
0.079667	-3218	31
0.080417	-3115	-78
0.081167	-2929	-38
0.081917	-2825	-10
0.082667	-2746	-82
0.083416	-2666	-2
0.084166	-2541	-145
0.084916	-2287	-19
0.085666	-2271	-81
0.086416	-2100	4
0.087166	-2053	75
0.087916	-1963	-10
0.088666	-1876	-26
0.089415	-1846	-69
0.090165	-1749	-17
0.090915	-1756	-51
0.091665	-1631	-5
0.092415	-1627	-39
0.093165	-1508	15
0.093915	-1415	-87
0.094665	-1332	83
0.095414	-1277	-36
0.096164	-1224	29
0.096914	-1169	19
0.097664	-1146	-103
0.098414	-1037	57
0.099164	-1010	240
0.099914	-1171	256
0.10066	-1089	57
0.10141	-1156	-27
0.10216	-1152	28
0.10291	-1070	-32
0.10366	-1042	-133
0.10441	-1003	114
0.10516	-910	-171
0.10591	-901	128
0.10666	-856	-102
0.10741	-839	-111
0.10816	-703	25
0.10891	-770	94
0.10966	-931	-71
0.11041	-789	49
0.11116	-702	-143
0.11191	-746	164
0.11266	-657	-218
0.11341	-665	169
0.11416	-770	-179
0.11491	-623	43
0.11566	-603	-67
0.11641	-621	-33
0.11716	-531	122
0.11791	-493	-60
0.11866	-565	8
0.11941	-489	-115
0.12016	-455	85
0.12091	-449	-124
0.12166	-485	80
0.12241	-349	-137
0.12316	-388	-14
0.12391	-353	-21
0.12466	-333	38
0.12541	-427	12
0.12616	-300	3
0.12691	-347	3
0.12766	-331	-69
0.12841	-243	-29
0.12916	-267	20
0.12991	-291	147
0.13066	-212	-90
0.13141	-304	100
0.13216	-234	-89
0.13291	-273	-10
0.13366	-217	29
0.13441	-249	2
0.13516	-235	-43
0.13591	-169	-44
0.13666	-225	-55
0.13741	-169	20
0.13816	-170	-39
0.13891	-165	-10
0.13966	-135	28
0.14041	-243	-14
0.14116	-161	158
0.14191	-192	-136
0.14266	-165	87
0.14341	-154	-173
0.14416	-161	111
0.14491	-148	-117
0.14566	-140	84
0.14641	-179	44
0.14716	-124	9
0.14791	-124	-27
0.14866	-80	-17
0.14941	-203	-2
0.15016	-116	34
