time [s]	real [a.u.]	imag [a.u.]
0.0039301	-332509	-15249
0.00768	-323518	27851
0.01143	-290924	2049
0.01518	-280048	10396
0.01893	-251958	13453
0.02268	-242672	-135
0.026429	-218436	19101
0.030179	-209546	-6435
0.033929	-190074	21760
0.037679	-181021	-10098
0.041429	-165726	22456
0.045179	-156379	-10850
0.048929	-144757	19835
0.052679	-135179	-8305
0.056428	-126385	15361
0.060178	-116647	-5204
0.063928	-110103	11103
0.067678	-100895	-2029
0.071428	-95775	7119
0.075178	-87231	955
0.078928	-83194	3398
0.082678	-75680	3204
0.086427	-72223	744
0.090177	-65721	4806
0.093927	-62541	-750
0.097677	-57183	5136
0.10143	-54046	-1313
0.10518	-49911	5057
0.10893	-46758	-1483
0.11268	-43539	4551
0.11643	-40522	-1153
0.12018	-37911	3502
0.12393	-35066	-508
0.12768	-33095	2375
0.13143	-30405	200
0.13518	-28781	1409
0.13893	-26401	789
0.14268	-24980	751
0.14643	-22945	1148
0.15018	-21712	250
0.15393	-20029	1254
0.15768	-19059	-187
0.16142	-17596	1261
0.16517	-16534	-157
0.16892	-15374	1202
0.17267	-14384	-120
0.17642	-13349	1031
0.18017	-12490	-155
0.18392	-11647	879
0.18767	-10850	-60
0.19142	-10113	655
0.19517	-9364	1
0.19892	-8805	480
0.20267	-8110	143
0.20642	-7640	289
0.21017	-7104	322
0.21392	-6674	58
0.21767	-6060	349
0.22142	-5768	9
0.22517	-5346	446
0.22892	-5015	12
0.23267	-4712	300
0.23642	-4283	-111
0.24017	-4017	330
0.24392	-3897	65
0.24767	-3573	116
0.25142	-3202	225
0.25517	-3109	-134
0.25892	-2851	251
0.26267	-2821	-82
0.26642	-2540	359
0.27017	-2413	-219
0.27392	-2219	288
0.27767	-2068	-133
0.28142	-1938	236
0.28517	-1758	-48
0.28892	-1760	81
0.29267	-1590	64
0.29642	-1466	75
0.30017	-1287	87
0.30392	-1184	19
0.30767	-1040	196
0.31142	-1057	-43
0.31517	-871	150
0.31892	-825	-86
0.32267	-804	-24
0.32642	-787	11
0.33017	-655	-30
0.33392	-582	112
0.33767	-558	-47
0.34142	-580	176
0.34517	-519	-169
0.34892	-455	198
0.35267	-489	-137
0.35642	-337	180
0.36017	-305	-76
0.36392	-364	220
0.36767	-269	-91
0.37142	-272	280
0.37517	-225	-199
0.37892	-221	214
0.38267	-286	-259
0.38642	-217	284
0.39017	-116	-353
0.39392	-134	249
0.39767	-132	-203
0.40142	-178	240
0.40517	-54	-171
0.40892	-81	198
0.41267	-90	-179
0.41642	-91	63
0.42017	-69	-38
0.42392	-102	126
0.42767	-36	23
0.43142	-80	-63
0.43517	-5	52
0.43892	30	-95
0.44267	68	83
0.44642	17	-140
0.45017	105	136
0.45392	41	-58
0.45767	119	56
0.46141	168	-111
0.46516	106	52
0.46891	169	-116
0.47266	133	14
0.47641	235	-141
0.48016	249	53
0.48391	310	-50
0.48766	233	155
0.49141	300	-83
0.49516	300	45
0.49891	235	-141
0.50266	274	20
0.50641	301	-134
0.51016	312	2
0.51391	259	35
0.51766	254	-80
0.52141	271	-1
0.52516	196	-57
0.52891	191	51
0.53266	208	-67
0.53641	237	38
0.54016	241	13
0.54391	305	6
0.54766	257	-45
0.55141	268	-71
0.55516	248	20
0.55891	250	-74
0.56266	293	10
0.56641	261	-65
0.57016	253	-15
0.57391	308	-56
0.57766	303	42
0.58141	252	-5
0.58516	-175	-24
0.58891	-57	116
0.59266	-46	-171
0.59641	41	170
0.60016	-12	-241
0.60391	101	254
0.60766	38	-170
0.61141	33	208
0.61516	81	-164
0.61891	73	90
0.62266	133	-48
0.62641	111	14
0.63016	194	-22
0.63391	146	-9
0.63766	233	45
0.64141	233	-121
0.64516	206	136
0.64891	132	-215
0.65266	251	177
0.65641	159	-213
0.66016	181	55
0.66391	204	-24
0.66766	301	48
0.67141	267	-15
0.67516	308	43
0.67891	364	-12
0.68266	288	150
0.68641	289	-105
0.69016	296	64
0.69391	259	-76
0.69766	299	117
0.70141	354	-64
0.70516	263	134
0.70891	247	-126
0.71266	367	96
0.71641	285	-154
0.72016	335	126
0.72391	349	-155
0.72766	270	81
0.73141	321	-26
0.73516	293	51
0.73891	259	-33
0.74266	288	-84
0.74641	341	47
0.75016	265	-13
