time [s]	real [a.u.]	imag [a.u.]
0.000781	-239328	-40235
0.0013809	-226179	2252
0.0019807	-206734	-29187
0.0025806	-192937	-3637
0.0031805	-175514	-23766
0.0037804	-165102	-156
0.0043802	-150938	-21279
0.0049801	-140128	-2330
0.00558	-129092	-14962
0.0061799	-120163	-3726
0.0067797	-110373	-12841
0.0073796	-102193	-3891
0.0079795	-94751	-9036
0.0085794	-87067	-5708
0.0091792	-80578	-6123
0.0097791	-74203	-5232
0.010379	-69027	-4546
0.010979	-63236	-5623
0.011579	-59049	-2623
0.012179	-54272	-5547
0.012778	-50466	-2030
0.013378	-46367	-4879
0.013978	-43313	-1380
0.014578	-39690	-4538
0.015178	-36977	-1062
0.015778	-34065	-3872
0.016378	-31690	-1174
0.016978	-29166	-3230
0.017577	-27099	-1031
0.018177	-24986	-2698
0.018777	-23193	-1142
0.019377	-21489	-2101
0.019977	-19796	-1137
0.020577	-18336	-1600
0.021177	-16955	-1140
0.021777	-15719	-1238
0.022376	-14455	-1134
0.022976	-13467	-910
0.023576	-12434	-1111
0.024176	-11564	-726
0.024776	-10612	-1071
0.025376	-9833	-545
0.025976	-9027	-901
0.026576	-8430	-403
0.027175	-7760	-814
0.027775	-7186	-336
0.028375	-6628	-707
0.028975	-6151	-324
0.029575	-5751	-535
0.030175	-5250	-301
0.030775	-4873	-428
0.031375	-4464	-284
0.031974	-4190	-395
0.032574	-3902	-295
0.033174	-3623	-296
0.033774	-3308	-313
0.034374	-3079	-175
0.034974	-2809	-352
0.035574	-2589	-153
0.036174	-2387	-168
0.036773	-2217	-139
0.037373	-2051	-224
0.037973	-1953	-158
0.038573	-1746	-139
0.039173	-1600	-55
0.039773	-1507	-215
0.040373	-1415	-76
0.040973	-1284	-132
0.041572	-1171	-101
0.042172	-1100	-124
0.042772	-985	-41
0.043372	-956	-23
0.043972	-854	-55
0.044572	-722	-22
0.045172	-709	-135
0.045772	-664	20
0.046371	-592	-88
0.046971	-527	-79
0.047571	-530	-61
0.048171	-449	-113
0.048771	-418	-86
0.049371	-371	-54
0.049971	-406	-97
0.050571	-294	19
0.05117	-343	-64
0.05177	-263	45
0.05237	-264	-5
0.05297	-270	29
0.05357	-200	14
0.05417	-178	-73
0.05477	-144	52
0.05537	-189	-6
0.055969	-144	-10
0.056569	-101	-115
0.057169	-145	84
0.057769	-169	-75
0.058369	-176	108
0.058969	-97	-51
0.059569	-143	84
0.060169	-134	-130
0.060768	-97	93
0.061368	-128	-5
0.061968	-114	58
0.062568	-67	-27
0.063168	-58	48
0.063768	-77	-20
0.064368	-10	27
0.064968	-44	-43
0.065567	-46	0
0.066167	-74	-42
0.066767	-12	3
0.067367	4	-4
0.067967	-49	-75
0.068567	23	-3
0.069167	-36	-81
0.069767	-47	37
0.070366	-16	-84
0.070966	16	0
0.071566	-3	-43
0.072166	-21	-24
0.072766	-46	-81
0.073366	11	-9
0.073966	42	79
0.074566	-29	19
0.075165	-23	75
0.075765	-25	12
0.076365	-23	25
0.076965	60	-26
0.077565	2	21
0.078165	-35	-9
0.078765	20	34
0.079365	5	-57
0.079964	-14	51
0.080564	-3	-28
0.081164	33	84
0.081764	60	-42
0.082364	-14	80
0.082964	87	-23
0.083564	-13	33
0.084164	33	18
0.084763	14	3
0.085363	49	57
0.085963	10	-25
0.086563	-135	48
0.087163	-2	36
0.087763	20	-21
0.088363	15	1
0.088963	127	-70
0.089562	36	73
0.090162	20	37
0.090762	-2	58
0.091362	7	-40
0.091962	-30	118
0.092562	-11	-23
0.093162	-38	90
0.093762	53	-70
0.094361	0	-7
0.094961	30	-113
0.095561	22	45
0.096161	12	-105
0.096761	50	65
0.097361	56	-74
0.097961	59	49
0.098561	37	-47
0.09916	23	2
0.09976	28	9
0.10036	30	33
0.10096	69	-54
0.10156	16	62
0.10216	46	-61
0.10276	-17	-3
0.10336	14	3
0.10396	70	101
0.10456	44	-45
0.10516	7	88
0.10576	84	-99
0.10636	-39	9
0.10696	62	-12
0.10756	72	32
0.10816	32	-2
0.10876	41	-7
0.10936	43	11
0.10996	50	-31
0.11056	68	-1
0.11116	71	-63
0.11176	-15	96
0.11236	63	-58
0.11296	63	35
0.11356	-27	-50
0.11416	43	41
0.11476	-2	8
0.11536	35	22
0.11596	6	-23
0.11656	-74	92
0.11716	52	8
0.11776	-44	36
0.11836	-11	-13
0.11896	42	61
0.11956	-19	9
0.12016	-10	11
