time [s]	real [a.u.]	imag [a.u.]
0.04168	-26255	721
0.08318	-24690	5104
0.12468	-22517	1638
0.16618	-21395	3616
0.20768	-19713	2248
0.24918	-18756	2394
0.29068	-17327	2619
0.33218	-16672	1520
0.37368	-15445	2618
0.41518	-14763	1147
0.45668	-13859	2368
0.49818	-13186	1189
0.53968	-12396	1899
0.58118	-11920	1238
0.62268	-11266	1384
0.66418	-10694	1340
0.70568	-10090	1035
0.74718	-9635	1377
0.78868	-9174	923
0.83018	-8672	1181
0.87168	-8182	965
0.91318	-7859	831
0.95468	-7513	1011
0.99618	-7177	607
1.0377	-6681	1055
1.0792	-6435	400
1.1207	-6041	997
1.1622	-5840	388
1.2037	-5537	899
1.2452	-5359	371
1.2867	-5121	609
1.3282	-4837	397
1.3697	-4601	490
1.4112	-4417	504
1.4527	-4182	443
1.4942	-4016	474
1.5357	-3800	291
1.5772	-3617	428
1.6187	-3452	297
1.6602	-3322	368
1.7017	-3126	318
1.7432	-2950	262
1.7847	-2874	300
1.8262	-2782	160
1.8677	-2562	336
1.9092	-2505	132
1.9507	-2385	206
1.9922	-2263	159
2.0337	-2192	158
2.0752	-2080	119
2.1167	-1999	197
2.1582	-1941	144
2.1997	-1806	103
2.2412	-1679	151
2.2827	-1619	139
2.3242	-1590	207
2.3657	-1600	133
2.4072	-1442	112
2.4487	-1408	162
2.4902	-1381	90
2.5317	-1303	85
2.5732	-1278	34
2.6147	-1202	146
2.6562	-1096	113
2.6977	-1147	-13
2.7392	-1070	98
2.7807	-978	0
2.8222	-955	110
2.8637	-927	29
2.9052	-848	63
2.9467	-745	52
2.9882	-850	83
3.0297	-720	71
3.0712	-683	39
3.1127	-657	5
3.1542	-713	-14
3.1957	-566	83
3.2372	-615	77
3.2787	-573	24
3.3202	-571	85
3.3617	-569	26
3.4032	-494	13
3.4447	-510	35
3.4862	-521	24
3.5277	-400	26
3.5692	-516	-16
3.6107	-514	21
3.6522	-396	15
3.6937	-353	97
3.7352	-370	25
3.7767	-359	13
3.8182	-355	-2
3.8597	-431	36
3.9012	-287	17
3.9427	-338	9
3.9842	-244	-55
4.0257	-293	36
4.0672	-299	2
4.1087	-271	-20
4.1502	-309	48
4.1917	-262	13
4.2332	-240	27
4.2747	-311	8
4.3162	-294	20
4.3577	-246	9
4.3992	-195	-61
4.4407	-191	16
4.4822	-231	32
4.5237	-197	-7
4.5652	-180	44
4.6067	-167	44
4.6482	-188	-14
4.6897	-188	22
4.7312	-154	-33
4.7727	-179	34
4.8142	-97	4
4.8557	-125	-2
4.8972	-148	72
4.9387	-149	13
4.9802	-137	41
5.0217	-84	-22
5.0632	-107	-18
5.1047	-102	-66
5.1462	-56	-27
5.1877	-111	-75
5.2292	-52	42
5.2707	-19	-34
5.3122	-103	17
5.3537	-123	-1
5.3952	-52	30
5.4367	-155	-37
5.4782	-84	-4
5.5197	4	-12
5.5612	-104	15
5.6027	-8	-66
5.6442	-19	-21
5.6857	-101	1
5.7272	-24	-65
5.7687	-46	21
5.8102	-72	-35
5.8517	-54	-40
5.8932	-103	-52
5.9347	-65	5
5.9762	-50	51
6.0177	-73	3
6.0592	-63	20
6.1007	-69	11
6.1422	-71	16
6.1837	-141	15
6.2252	6	-11
6.2667	-71	22
6.3082	13	-71
6.3497	-20	78
6.3912	-70	5
6.4327	32	40
6.4742	-106	-4
6.5157	-55	-8
6.5572	-11	31
6.5987	-25	78
6.6402	-54	-38
6.6817	28	-14
6.7232	23	-55
6.7647	27	-24
6.8062	-40	25
6.8477	-29	6
6.8892	-50	-5
6.9307	22	-41
6.9722	29	5
7.0137	-44	76
7.0552	-8	-19
7.0967	-52	48
7.1382	-16	-11
7.1797	-21	23
7.2212	-33	-51
7.2627	10	-2
7.3042	-51	14
7.3457	-25	-4
7.3872	21	-5
7.4287	11	-28
7.4702	2	42
7.5117	45	25
7.5532	10	-34
7.5947	6	-24
7.6362	23	121
7.6777	60	-12
7.7192	37	48
7.7607	25	-57
7.8022	52	-1
7.8437	-25	12
7.8852	-50	-39
7.9267	-29	-24
7.9682	42	78
8.0097	9	-44
8.0512	43	28
8.0927	-66	-15
8.1342	37	-64
8.1757	-28	72
8.2172	-22	-15
8.2587	1	-23
8.3002	5	3
