time [s]	real [a.u.]	imag [a.u.]
0.0013061	-352935	-39991
0.002432	-349619	51243
0.0035579	-331719	-42462
0.0046838	-317415	46945
0.0058096	-308757	-31236
0.0069355	-291335	31730
0.0080614	-285432	-16619
0.0091873	-269210	18204
0.010313	-262869	-5634
0.011439	-248580	7888
0.012565	-242367	1915
0.013691	-228828	191
0.014817	-223671	9045
0.015943	-211352	-6938
0.017068	-205769	14142
0.018194	-195922	-10594
0.01932	-189136	15307
0.020446	-181881	-10116
0.021572	-173812	12266
0.022698	-168772	-5950
0.023824	-159997	6493
0.02495	-156286	-392
0.026075	-147686	620
0.027201	-144241	4321
0.028327	-136812	-3477
0.029453	-132862	7114
0.030579	-126944	-5193
0.031705	-122341	7550
0.032831	-117621	-4919
0.033957	-112640	6230
0.035082	-108924	-3268
0.036208	-103861	4069
0.037334	-100797	-972
0.03846	-95713	1532
0.039586	-93133	1587
0.040712	-88348	-1091
0.041838	-85870	3620
0.042964	-81743	-2701
0.044089	-78962	4562
0.045215	-75576	-3201
0.046341	-72728	4420
0.047467	-70079	-2578
0.048593	-66832	3218
0.049719	-65005	-1073
0.050845	-61696	1568
0.051971	-59734	-13
0.053096	-56905	357
0.054222	-55191	1209
0.055348	-52580	-802
0.056474	-51008	2044
0.0576	-48738	-1499
0.058726	-47030	2420
0.059852	-45193	-1429
0.060978	-43405	1927
0.062103	-41658	-1521
0.063229	-39715	1800
0.064355	-38587	-681
0.065481	-36676	725
0.066607	-35691	159
0.067733	-33942	-2
0.068859	-32961	953
0.069985	-31425	-715
0.07111	-30490	1394
0.072236	-29094	-968
0.073362	-27930	1445
0.074488	-26942	-850
0.075614	-25858	1066
0.07674	-25046	-460
0.077866	-23892	563
0.078992	-23136	138
0.080117	-22034	88
0.081243	-21327	445
0.082369	-20424	-268
0.083495	-19744	603
0.084621	-18931	-375
0.085747	-18102	618
0.086873	-17491	-358
0.087999	-16785	461
0.089124	-16170	-140
0.09025	-15495	304
0.091376	-15009	151
0.092502	-14287	-23
0.093628	-13862	393
0.094754	-13430	19
0.09588	-13101	391
0.097006	-12552	-397
0.098131	-12098	598
0.099257	-11586	-333
0.10038	-11188	447
0.10151	-10835	-270
0.10263	-10277	259
0.10376	-10071	6
0.10489	-9565	109
0.10601	-9202	171
0.10714	-8855	-202
0.10826	-8514	230
0.10939	-8119	-214
0.11052	-7839	280
0.11164	-7473	-203
0.11277	-7191	253
0.11389	-7009	-198
0.11502	-6668	214
0.11615	-6418	-25
0.11727	-6182	39
0.1184	-5986	74
0.11952	-5664	-61
0.12065	-5522	196
0.12177	-5322	-187
0.1229	-5087	171
0.12403	-4924	-214
0.12515	-4698	107
0.12628	-4476	-140
0.1274	-4340	111
0.12853	-4207	-76
0.12966	-4080	48
0.13078	-3892	57
0.13191	-3675	-18
0.13303	-3619	-4
0.13416	-3494	-12
0.13529	-3354	51
0.13641	-3181	-68
0.13754	-3072	43
0.13866	-2995	-34
0.13979	-2839	62
0.14091	-2794	28
0.14204	-2603	-79
0.14317	-2553	38
0.14429	-2397	-77
0.14542	-2346	7
0.14654	-2208	-129
0.14767	-2171	57
0.1488	-2114	-130
0.14992	-1959	99
0.15105	-1942	-73
0.15217	-1888	19
0.1533	-1793	17
0.15443	-1725	-1
0.15555	-1648	-37
0.15668	-1621	196
0.1578	-1644	-116
0.15893	-1442	6
0.16005	-1397	-3
0.16118	-1395	13
0.16231	-1391	-10
0.16343	-1263	-21
0.16456	-1210	96
0.16568	-1152	-92
0.16681	-1148	94
0.16794	-1115	-183
0.16906	-1065	86
0.17019	-1042	-126
0.17131	-966	56
0.17244	-936	-42
0.17357	-885	88
0.17469	-862	14
0.17582	-817	35
0.17694	-855	-11
0.17807	-846	7
0.17919	-786	34
0.18032	-721	-49
0.18145	-645	5
0.18257	-671	16
0.1837	-648	78
0.18482	-619	-116
0.18595	-615	68
0.18708	-550	-44
0.1882	-581	140
0.18933	-512	-34
0.19045	-534	86
0.19158	-523	-48
0.1927	-491	39
0.19383	-458	-100
0.19496	-435	-5
0.19608	-450	-8
0.19721	-398	-35
0.19833	-384	0
0.19946	-354	-54
0.20059	-413	25
0.20171	-310	-105
0.20284	-279	133
0.20396	-388	-87
0.20509	-349	37
0.20622	-322	-61
0.20734	-309	-30
0.20847	-318	-13
0.20959	-211	62
0.21072	-279	19
0.21184	-223	-86
0.21297	-233	67
0.2141	-342	-37
0.21522	-306	36
0.21635	-235	-62
0.21747	-270	51
0.2186	-228	9
0.21973	-226	43
0.22085	-259	24
0.22198	-278	59
0.2231	-274	-13
0.22423	-159	-9
0.22536	-247	56
