0,000	-0,750
45,000	-0,690
90,000	-0,700
135,000	-0,740
180,000	-0,680
225,000	-0,820
270,000	-0,680
315,000	-0,800
360,000	-0,720
405,000	-0,700
450,000	-0,680
495,000	-0,700
540,000	-0,650
585,000	-0,640
630,000	-0,600
675,000	-0,620
720,000	-0,600
765,000	-0,750
810,000	-0,500
855,000	-0,530
900,000	-0,520
945,000	-0,460
990,000	-0,520
1035,000	-0,470
1080,000	-0,540
1125,000	-0,430
1170,000	-0,480
1215,000	-0,380
1260,000	-0,350
1305,000	-0,370
1350,000	-0,400
1395,000	-0,310
1440,000	-0,250
1485,000	-0,340
1530,000	-0,310
1575,000	-0,260
1620,000	-0,300
1665,000	-0,240
1710,000	-0,210
1755,000	-0,200
1800,000	-0,130
1845,000	-0,010
1890,000	-0,020
1935,000	0,110
1980,000	-0,050
2025,000	0,060
2070,000	0,040
2115,000	0,080
2160,000	0,190
2205,000	0,290
2250,000	0,290
2295,000	0,260
2340,000	0,380
2385,000	0,400
2430,000	0,450
2475,000	0,540
2520,000	0,440
2565,000	0,640
2610,000	0,590
2655,000	0,640
2700,000	0,800
2745,000	0,890
2790,000	0,860
2835,000	0,990
2880,000	1,010
2925,000	1,100
2970,000	1,010
3015,000	0,940
3060,000	1,000
3105,000	0,930
3150,000	0,800
3195,000	0,820
3240,000	0,760
3285,000	0,800
3330,000	0,780
3375,000	0,820
3420,000	0,790
3465,000	0,810
3510,000	0,930
3555,000	0,920
3600,000	0,870
3645,000	0,900
3690,000	0,850
3735,000	0,960
3780,000	0,890
3825,000	1,020
3870,000	0,910
3915,000	1,050
3960,000	1,040
4005,000	1,100
4050,000	1,200
4095,000	1,150
4140,000	1,220
4185,000	1,330
4230,000	1,220
4275,000	1,390
4320,000	1,530
4365,000	1,500
4410,000	1,460
4455,000	1,650
4500,000	1,660
4545,000	1,600
4590,000	1,760
4635,000	1,800
4680,000	1,830
4725,000	1,790
4770,000	1,900
4815,000	2,000
4860,000	1,800
4905,000	1,990
4950,000	1,870
4995,000	2,100
5040,000	2,040
5085,000	2,070
5130,000	2,090
5175,000	2,090
5220,000	2,270
5265,000	2,160
5310,000	2,200
5355,000	2,330
5400,000	2,300
5445,000	2,380
5490,000	2,410
5535,000	2,430
5580,000	2,550
5625,000	2,580
5670,000	2,420
5715,000	2,590
5760,000	2,450
5805,000	2,630
5850,000	2,780
5895,000	2,670
5940,000	2,830
5985,000	2,770
6030,000	2,860
6075,000	2,660
6120,000	2,940
6165,000	2,940
6210,000	2,980
6255,000	2,890
6300,000	3,020
6345,000	3,080
6390,000	3,110
6435,000	3,030
6480,000	3,070
6525,000	3,030
6570,000	2,940
6615,000	2,970
6660,000	2,870
6705,000	2,650
6750,000	2,640
6795,000	2,350
6840,000	2,210
6885,000	2,190
6930,000	1,990
6975,000	1,880
7020,000	1,930
7065,000	1,990
7110,000	2,050
7155,000	2,280
7200,000	2,360
7245,000	2,510
7290,000	2,150
7335,000	1,970
7380,000	1,850
7425,000	1,800
7470,000	1,930
7515,000	2,120
7560,000	2,210
7605,000	2,170
7650,000	2,140
7695,000	2,210
7740,000	2,290
7785,000	2,170
7830,000	2,300
7875,000	2,240
7920,000	2,400
7965,000	2,460
8010,000	2,560
8055,000	2,660
8100,000	2,780
8145,000	2,810
8190,000	2,870
8235,000	2,960
8280,000	2,960
8325,000	3,020
8370,000	3,030
8415,000	3,160
8460,000	3,120
8505,000	3,230
8550,000	3,090
8595,000	3,050
8640,000	3,080
8685,000	2,960
8730,000	2,950
8775,000	2,860
8820,000	2,890
8865,000	2,520
8910,000	2,290
8955,000	2,160
9000,000	1,930
9045,000	1,860
9090,000	2,110
9135,000	2,300
9180,000	2,590
9225,000	2,830
9270,000	3,120
9315,000	3,370
9360,000	3,500
9405,000	3,790
9450,000	4,000
9495,000	4,120
9540,000	4,340
9585,000	4,350
9630,000	4,490
9675,000	4,560
9720,000	4,720
9765,000	4,720
9810,000	4,910
9855,000	4,960
9900,000	5,040
9945,000	5,110
9990,000	5,120
10035,000	5,270
10080,000	5,270
10125,000	5,380
10170,000	5,330
10215,000	5,410
10260,000	5,330
10305,000	5,440
10350,000	5,520
10395,000	5,450
10440,000	5,550
10485,000	5,500
10530,000	5,530
10575,000	5,660
10620,000	5,600
10665,000	5,680
10710,000	5,570
10755,000	5,550
10800,000	5,520
10845,000	5,550
10890,000	5,310
10935,000	5,520
10980,000	5,390
11025,000	5,460
11070,000	5,410
11115,000	5,530
11160,000	5,550
11205,000	5,410
11250,000	5,520
11295,000	5,390
11340,000	5,270
11385,000	5,260
11430,000	5,320
11475,000	5,330
11520,000	5,350
11565,000	5,230
11610,000	5,290
11655,000	5,400
11700,000	5,220
11745,000	5,360
11790,000	5,310
11835,000	5,130
11880,000	5,390
11925,000	5,320
11970,000	5,310
12015,000	5,400
12060,000	5,240
12105,000	5,340
12150,000	5,330
12195,000	5,300
12240,000	5,270
12285,000	5,410
12330,000	5,370
12375,000	5,320
12420,000	5,410
12465,000	5,270
12510,000	5,170
12555,000	5,130
12600,000	5,220
12645,000	5,170
12690,000	5,290
12735,000	5,130
12780,000	5,260
12825,000	5,200
12870,000	5,090
12915,000	4,980
12960,000	5,050
13005,000	4,950
13050,000	4,850
13095,000	4,740
13140,000	4,860
13185,000	4,830
13230,000	4,850
13275,000	4,740
13320,000	4,650
13365,000	4,630
13410,000	4,660
13455,000	4,780
13500,000	4,580
13545,000	4,660
13590,000	4,570
13635,000	4,500
13680,000	4,550
13725,000	4,490
13770,000	4,440
13815,000	4,430
13860,000	4,380
13905,000	4,240
13950,000	4,320
13995,000	4,410
14040,000	4,340
14085,000	4,340
14130,000	4,370
14175,000	4,360
14220,000	4,340
14265,000	4,440
14310,000	4,400
14355,000	4,330
14400,000	4,270
14445,000	4,240
14490,000	4,300
14535,000	4,330
14580,000	4,240
14625,000	4,060
14670,000	4,040
14715,000	3,980
14760,000	4,070
14805,000	3,950
14850,000	3,880
14895,000	3,960
14940,000	3,920
14985,000	3,900
15030,000	3,850
15075,000	3,780
15120,000	3,750
15165,000	3,680
15210,000	3,670
15255,000	3,580
15300,000	3,530
15345,000	3,650
15390,000	3,780
15435,000	3,580
15480,000	3,550
15525,000	3,530
15570,000	3,620
15615,000	3,590
15660,000	3,590
15705,000	3,480
15750,000	3,500
15795,000	3,510
15840,000	3,480
15885,000	3,290
15930,000	2,960
15975,000	2,730
16020,000	1,930
16065,000	1,300
16110,000	0,910
16155,000	0,740
16200,000	0,710
16245,000	0,810
16290,000	1,070
16335,000	0,970
16380,000	0,960
16425,000	0,730
16470,000	0,870
16515,000	0,910
16560,000	1,060
16605,000	1,190
16650,000	1,440
16695,000	1,640
16740,000	2,020
16785,000	2,190
16830,000	2,350
16875,000	2,510
16920,000	2,550
16965,000	2,790
17010,000	2,810
17055,000	2,840
17100,000	2,780
17145,000	2,860
17190,000	2,800
17235,000	2,680
17280,000	2,720
17325,000	2,820
17370,000	2,730
17415,000	2,850
17460,000	2,700
17505,000	2,820
17550,000	2,750
17595,000	2,850
17640,000	2,720
17685,000	2,780
17730,000	2,840
17775,000	2,860
17820,000	2,730
17865,000	2,800
17910,000	2,820
17955,000	2,780
18000,000	2,800
18045,000	2,880
18090,000	2,390
18135,000	2,180
18180,000	2,070
18225,000	2,110
18270,000	2,150
18315,000	1,990
18360,000	1,910
18405,000	1,970
18450,000	1,950
18495,000	1,860
18540,000	1,780
18585,000	1,850
18630,000	1,810
18675,000	1,790
18720,000	1,760
18765,000	1,670
18810,000	1,680
18855,000	1,870
18900,000	1,580
18945,000	1,640
18990,000	1,690
19035,000	1,680
19080,000	1,490
19125,000	1,510
19170,000	1,430
19215,000	1,490
19260,000	1,490
19305,000	1,470
19350,000	1,360
19395,000	1,470
19440,000	1,200
19485,000	1,390
19530,000	1,330
19575,000	1,270
19620,000	1,320
19665,000	1,280
19710,000	1,270
19755,000	1,350
19800,000	1,200
19845,000	1,240
19890,000	1,010
19935,000	1,270
19980,000	1,140
20025,000	1,080
20070,000	1,110
20115,000	1,160
20160,000	1,080
20205,000	1,000
20250,000	0,970
20295,000	1,010
20340,000	1,020
20385,000	0,950
20430,000	1,040
20475,000	1,100
20520,000	0,810
20565,000	0,840
20610,000	0,860
20655,000	0,940
20700,000	0,840
20745,000	0,870
20790,000	0,860
20835,000	0,830
20880,000	0,800
20925,000	0,640
20970,000	0,640
21015,000	0,680
21060,000	0,600
21105,000	0,650
21150,000	0,560
21195,000	0,610
21240,000	0,610
21285,000	0,630
21330,000	0,590
21375,000	0,590
21420,000	0,520
21465,000	0,440
21510,000	0,430
21555,000	0,480
21600,000	0,480
21645,000	0,410
21690,000	0,470
21735,000	0,400
21780,000	0,300
21825,000	0,290
21870,000	0,320
21915,000	0,290
21960,000	0,420
22005,000	0,370
22050,000	0,430
22095,000	0,270
22140,000	0,200
22185,000	0,140
22230,000	0,140
22275,000	0,120
22320,000	0,240
22365,000	0,130
22410,000	0,170
22455,000	0,220
22500,000	0,210
