0,000	-0,730
45,000	-0,860
90,000	-0,870
135,000	-0,710
180,000	-0,770
225,000	-0,660
270,000	-0,770
315,000	-0,770
360,000	-0,780
405,000	-0,650
450,000	-0,840
495,000	-0,770
540,000	-0,780
585,000	-0,880
630,000	-0,700
675,000	-0,750
720,000	-0,730
765,000	-0,790
810,000	-0,810
855,000	-0,890
900,000	-0,800
945,000	-0,830
990,000	-0,830
1035,000	-0,770
1080,000	-0,710
1125,000	-0,760
1170,000	-0,780
1215,000	-0,690
1260,000	-0,740
1305,000	-0,700
1350,000	-0,740
1395,000	-0,690
1440,000	-0,830
1485,000	-0,800
1530,000	-0,860
1575,000	-0,730
1620,000	-0,830
1665,000	-0,880
1710,000	-0,750
1755,000	-0,700
1800,000	-0,820
1845,000	-0,890
1890,000	-0,720
1935,000	-0,750
1980,000	-0,740
2025,000	-0,670
2070,000	-0,580
2115,000	-0,550
2160,000	-0,640
2205,000	-0,700
2250,000	-0,680
2295,000	-0,750
2340,000	-0,660
2385,000	-0,620
2430,000	-0,610
2475,000	-0,740
2520,000	-0,640
2565,000	-0,680
2610,000	-0,820
2655,000	-0,610
2700,000	-0,650
2745,000	-0,720
2790,000	-0,740
2835,000	-0,740
2880,000	-0,760
2925,000	-0,690
2970,000	-0,550
3015,000	-0,820
3060,000	-0,800
3105,000	-0,700
3150,000	-0,730
3195,000	-0,850
3240,000	-0,630
3285,000	-0,730
3330,000	-0,790
3375,000	-0,680
3420,000	-0,840
3465,000	-0,790
3510,000	-0,890
3555,000	-0,670
3600,000	0,000
3645,000	0,800
3690,000	-0,740
3735,000	-0,760
3780,000	-0,790
3825,000	-0,640
3870,000	-0,820
3915,000	-0,740
3960,000	-0,890
4005,000	-0,900
4050,000	-0,840
4095,000	-0,820
4140,000	-0,730
4185,000	-0,870
4230,000	-0,710
4275,000	-0,630
4320,000	-0,650
4365,000	-0,830
4410,000	-0,690
4455,000	-0,830
4500,000	-0,840
4545,000	-0,760
4590,000	-0,790
4635,000	-0,640
4680,000	-0,700
4725,000	-0,760
4770,000	-0,870
4815,000	-0,770
4860,000	-0,720
4905,000	-0,680
4950,000	-0,670
4995,000	-0,720
5040,000	-0,830
5085,000	-0,720
5130,000	-0,820
5175,000	-0,760
5220,000	-0,780
5265,000	-0,830
5310,000	-0,770
5355,000	-0,850
5400,000	-0,700
5445,000	-0,740
5490,000	-0,770
5535,000	-0,780
5580,000	-0,770
5625,000	-0,730
5670,000	-0,680
5715,000	-0,800
5760,000	-0,850
5805,000	-0,760
5850,000	-0,690
5895,000	-0,660
5940,000	-0,530
5985,000	-0,450
6030,000	-0,320
6075,000	0,190
6120,000	0,840
6165,000	1,590
6210,000	2,270
6255,000	2,750
6300,000	2,700
6345,000	2,580
6390,000	2,440
6435,000	2,200
6480,000	2,030
6525,000	1,840
6570,000	1,600
6615,000	1,220
6660,000	0,800
6705,000	0,310
6750,000	0,160
6795,000	-0,310
6840,000	-0,590
6885,000	-0,650
6930,000	-0,780
6975,000	-0,860
7020,000	-0,750
7065,000	-0,800
7110,000	-0,860
7155,000	-0,810
7200,000	-0,760
7245,000	-0,780
7290,000	-0,740
7335,000	-0,670
7380,000	-0,760
7425,000	-0,660
7470,000	-0,730
7515,000	-0,780
7560,000	-0,720
7605,000	-0,740
7650,000	-0,840
7695,000	-0,760
7740,000	-0,800
7785,000	-0,880
7830,000	-0,660
7875,000	-0,710
7920,000	-0,810
7965,000	-0,780
8010,000	-0,770
8055,000	-0,760
8100,000	-0,780
8145,000	-0,740
8190,000	-0,770
8235,000	-0,680
8280,000	-0,730
8325,000	-0,790
8370,000	-0,700
8415,000	-0,720
8460,000	-0,740
8505,000	-0,740
8550,000	-0,680
8595,000	-0,760
8640,000	-0,660
8685,000	-0,720
8730,000	-0,730
8775,000	-0,820
8820,000	-0,730
8865,000	-0,710
8910,000	-0,710
8955,000	-0,860
9000,000	-0,760
9045,000	-0,680
9090,000	-0,680
9135,000	-0,780
9180,000	-0,740
9225,000	-0,770
9270,000	-0,680
9315,000	-0,840
9360,000	-0,850
9405,000	-0,890
9450,000	-0,790
9495,000	-0,810
9540,000	-0,740
9585,000	-0,780
9630,000	-0,790
9675,000	-0,840
9720,000	-0,720
9765,000	-0,770
9810,000	-0,920
9855,000	-0,730
9900,000	-0,750
9945,000	-0,780
9990,000	-0,710
10035,000	-0,710
10080,000	-0,790
10125,000	-0,840
10170,000	-0,740
10215,000	-0,710
10260,000	-0,680
10305,000	-0,740
10350,000	-0,690
10395,000	-0,780
10440,000	-0,730
10485,000	-0,800
10530,000	-0,740
10575,000	-0,720
10620,000	-0,770
10665,000	-0,760
10710,000	-0,720
10755,000	-0,690
10800,000	-0,750
10845,000	-0,750
10890,000	-0,530
10935,000	-0,640
10980,000	-0,560
11025,000	-0,440
11070,000	-0,380
11115,000	-0,260
11160,000	0,000
11205,000	0,280
11250,000	0,520
11295,000	0,970
11340,000	1,210
11385,000	1,370
11430,000	1,500
11475,000	1,420
11520,000	1,010
11565,000	0,820
11610,000	0,520
11655,000	0,310
11700,000	0,170
11745,000	-0,010
11790,000	-0,210
11835,000	-0,360
11880,000	-0,370
11925,000	-0,470
11970,000	-0,520
12015,000	-0,500
12060,000	-0,540
12105,000	-0,460
12150,000	-0,600
12195,000	-0,610
12240,000	-0,720
12285,000	-0,600
12330,000	-0,660
12375,000	-0,700
12420,000	-0,670
12465,000	-0,670
12510,000	-0,660
12555,000	-0,790
12600,000	-0,620
12645,000	-0,730
12690,000	-0,740
12735,000	-0,670
12780,000	-0,540
12825,000	-0,670
12870,000	-0,710
12915,000	-0,640
12960,000	-0,660
13005,000	-0,730
13050,000	-0,710
13095,000	-0,650
13140,000	-0,770
13185,000	-0,760
13230,000	-0,680
13275,000	-0,670
13320,000	-0,740
13365,000	-0,600
13410,000	-0,880
13455,000	-0,700
13500,000	-0,610
13545,000	-0,750
13590,000	-0,890
13635,000	-0,680
13680,000	-0,690
13725,000	-0,810
13770,000	-0,860
13815,000	-0,830
13860,000	-0,900
13905,000	-0,810
13950,000	-0,680
13995,000	-0,690
14040,000	-0,770
14085,000	-0,690
14130,000	-0,810
14175,000	-0,690
14220,000	-0,790
14265,000	-0,760
14310,000	-0,720
14355,000	-0,680
14400,000	-0,670
14445,000	-0,810
14490,000	-0,750
14535,000	-0,810
14580,000	-0,780
14625,000	-0,900
14670,000	-0,750
14715,000	-0,860
14760,000	-0,830
14805,000	-0,620
14850,000	-0,700
14895,000	-0,710
14940,000	-0,760
14985,000	-0,880
15030,000	-0,750
15075,000	-0,700
15120,000	-0,700
15165,000	-0,800
15210,000	-0,780
15255,000	-0,800
15300,000	-0,770
15345,000	-0,770
15390,000	-0,880
15435,000	-0,770
15480,000	-0,720
15525,000	-0,720
15570,000	-0,690
15615,000	-0,780
15660,000	-0,740
15705,000	-0,740
15750,000	-0,760
15795,000	-0,710
15840,000	-0,750
15885,000	-0,760
15930,000	-0,790
15975,000	-0,740
16020,000	-0,850
16065,000	-0,780
16110,000	-0,790
16155,000	-0,780
16200,000	-0,800
16245,000	-0,790
16290,000	-0,730
16335,000	-0,770
16380,000	-0,800
16425,000	-0,820
16470,000	-0,840
16515,000	-0,710
16560,000	-0,850
16605,000	-0,680
16650,000	-0,750
16695,000	-0,760
16740,000	-0,710
16785,000	-0,780
16830,000	-0,760
16875,000	-0,750
16920,000	-0,870
16965,000	-0,740
17010,000	-0,800
17055,000	-0,690
17100,000	-0,680
17145,000	-0,850
17190,000	-0,760
17235,000	-0,800
17280,000	-0,930
17325,000	-0,780
17370,000	-0,810
17415,000	-0,760
17460,000	-0,770
17505,000	-0,810
17550,000	-0,720
17595,000	-0,750
17640,000	-0,740
17685,000	-0,810
17730,000	-0,900
17775,000	-0,850
17820,000	-0,750
17865,000	-0,650
17910,000	-0,840
17955,000	-0,790
18000,000	-0,810
18045,000	-0,690
18090,000	-0,780
18135,000	-0,710
18180,000	-0,740
18225,000	-0,730
18270,000	-0,700
18315,000	-0,830
18360,000	-0,720
18405,000	-0,670
18450,000	-0,800
18495,000	-0,810
18540,000	-0,720
18585,000	-0,630
18630,000	-0,780
18675,000	-0,880
18720,000	-0,850
18765,000	-0,820
18810,000	-0,740
18855,000	-0,750
18900,000	-0,760
18945,000	-0,700
18990,000	-0,840
19035,000	-0,780
19080,000	-0,620
19125,000	-0,750
19170,000	-0,680
19215,000	-0,760
19260,000	-0,790
19305,000	-0,800
19350,000	-0,880
19395,000	-0,740
19440,000	-0,850
19485,000	-0,840
19530,000	-0,850
19575,000	-0,770
19620,000	-0,780
19665,000	-0,680
19710,000	-0,740
19755,000	-0,770
19800,000	-0,860
19845,000	-0,740
19890,000	-0,600
19935,000	-0,710
19980,000	-0,660
20025,000	-0,670
20070,000	-0,600
20115,000	-0,610
20160,000	-0,600
20205,000	-0,640
20250,000	-0,500
20295,000	-0,560
20340,000	-0,350
20385,000	-0,360
20430,000	-0,330
20475,000	-0,580
20520,000	-0,550
20565,000	-0,560
20610,000	-0,690
20655,000	-0,600
20700,000	-0,590
20745,000	-0,640
20790,000	-0,540
20835,000	-0,590
20880,000	-0,480
20925,000	-0,500
20970,000	-0,540
21015,000	-0,620
21060,000	-0,600
21105,000	-0,630
21150,000	-0,710
21195,000	-0,590
21240,000	-0,540
21285,000	-0,670
21330,000	-0,680
21375,000	-0,760
21420,000	-0,730
21465,000	-0,810
21510,000	-0,800
21555,000	-0,710
21600,000	-0,810
21645,000	-0,780
21690,000	-0,790
21735,000	-0,800
21780,000	-0,710
21825,000	-0,640
21870,000	-0,760
21915,000	-0,660
21960,000	-0,770
22005,000	-0,710
22050,000	-0,750
22095,000	-0,850
22140,000	-0,750
22185,000	-0,780
22230,000	-0,800
22275,000	-0,810
22320,000	-0,840
22365,000	-0,830
22410,000	-0,740
22455,000	-0,830
22500,000	-0,710
